:Skein-1024: 1024-bit hash, msgLen =  2048 bits, data = 'zero'

Message data:
     00 00 00 00  00 00 00 00  00 00 00 00  00 00 00 00
     00 00 00 00  00 00 00 00  00 00 00 00  00 00 00 00
     00 00 00 00  00 00 00 00  00 00 00 00  00 00 00 00
     00 00 00 00  00 00 00 00  00 00 00 00  00 00 00 00
     00 00 00 00  00 00 00 00  00 00 00 00  00 00 00 00
     00 00 00 00  00 00 00 00  00 00 00 00  00 00 00 00
     00 00 00 00  00 00 00 00  00 00 00 00  00 00 00 00
     00 00 00 00  00 00 00 00  00 00 00 00  00 00 00 00
     00 00 00 00  00 00 00 00  00 00 00 00  00 00 00 00
     00 00 00 00  00 00 00 00  00 00 00 00  00 00 00 00
     00 00 00 00  00 00 00 00  00 00 00 00  00 00 00 00
     00 00 00 00  00 00 00 00  00 00 00 00  00 00 00 00
     00 00 00 00  00 00 00 00  00 00 00 00  00 00 00 00
     00 00 00 00  00 00 00 00  00 00 00 00  00 00 00 00
     00 00 00 00  00 00 00 00  00 00 00 00  00 00 00 00
     00 00 00 00  00 00 00 00  00 00 00 00  00 00 00 00

:Skein-1024: Block: outBits=1024. T0=000080. Type=MSG.  Flags= First          
  Tweak:
     00000000.00000080  70000000.00000000 
  State words:
     D593DA07.41E72355  15B5E511.AC73E00C  5180E5AE.BAF2C4F0  03BD41D3.FCBCAFAF 
     1CAEC6FD.1983A898  6E510B8B.CDD0589F  77E2BDFD.C6394ADA  C11E1DB5.24DCB0A3 
     D6D14AF9.C6329AB5  6A9B0BFC.6EB67E0D  9243C60D.CCFF1332  1A1F1DDE.743F02D4 
     0996753C.10ED0BB8  6572DD22.F2B4969A  61FD3062.D00A579A  1DE0536E.8682E539 
  Input block (bytes):
     00 00 00 00  00 00 00 00  00 00 00 00  00 00 00 00
     00 00 00 00  00 00 00 00  00 00 00 00  00 00 00 00
     00 00 00 00  00 00 00 00  00 00 00 00  00 00 00 00
     00 00 00 00  00 00 00 00  00 00 00 00  00 00 00 00
     00 00 00 00  00 00 00 00  00 00 00 00  00 00 00 00
     00 00 00 00  00 00 00 00  00 00 00 00  00 00 00 00
     00 00 00 00  00 00 00 00  00 00 00 00  00 00 00 00
     00 00 00 00  00 00 00 00  00 00 00 00  00 00 00 00

:Skein-1024: [state after plaintext feedforward]=
     141E71D6.4A55CAE9  310E77A1.87B657EC  8F383392.12CA4C31  1199777F.FBC11063 
     35CE8B33.677053FB  83B2238F.4A13349E  DA88CD20.08B35C86  DE400189.96074327 
     67D3B6F3.809AA174  ABA304FB.ECBCD0FF  43FFC09C.FDDF2320  59E1C92E.63E195A0 
     F8934A78.72560F51  1578E33F.BD368C35  6CC504F0.1499E3A1  11988B55.423D36AC 
    ----------

:Skein-1024: Block: outBits=1024. T0=000100. Type=MSG.  Flags=       Final    
  Tweak:
     00000000.00000100  B0000000.00000000 
  State words:
     141E71D6.4A55CAE9  310E77A1.87B657EC  8F383392.12CA4C31  1199777F.FBC11063 
     35CE8B33.677053FB  83B2238F.4A13349E  DA88CD20.08B35C86  DE400189.96074327 
     67D3B6F3.809AA174  ABA304FB.ECBCD0FF  43FFC09C.FDDF2320  59E1C92E.63E195A0 
     F8934A78.72560F51  1578E33F.BD368C35  6CC504F0.1499E3A1  11988B55.423D36AC 
  Input block (bytes):
     00 00 00 00  00 00 00 00  00 00 00 00  00 00 00 00
     00 00 00 00  00 00 00 00  00 00 00 00  00 00 00 00
     00 00 00 00  00 00 00 00  00 00 00 00  00 00 00 00
     00 00 00 00  00 00 00 00  00 00 00 00  00 00 00 00
     00 00 00 00  00 00 00 00  00 00 00 00  00 00 00 00
     00 00 00 00  00 00 00 00  00 00 00 00  00 00 00 00
     00 00 00 00  00 00 00 00  00 00 00 00  00 00 00 00
     00 00 00 00  00 00 00 00  00 00 00 00  00 00 00 00

:Skein-1024: [state after plaintext feedforward]=
     FA56C6E3.0B75410A  E29CD49E.16DE2A40  748182F7.D53868C1  22F79949.24DC2D34 
     4598C4B3.7EAB3E3D  EBFDB411.614E687A  31471EA6.1CDCA20C  CD8D6F71.0832BC64 
     994CB8F7.153FE9B8  6F73C65E.490738F5  04345907.D9BB891C  78E3C035.76988D92 
     5ED865BD.AAAB390E  D49FD811.A6458F16  472D7050.57728A4D  91A1FACB.4CD6D7CA 
    ----------

:Skein-1024: Block: outBits=1024. T0=000008. Type=OUT.  Flags= First Final    
  Tweak:
     00000000.00000008  FF000000.00000000 
  State words:
     FA56C6E3.0B75410A  E29CD49E.16DE2A40  748182F7.D53868C1  22F79949.24DC2D34 
     4598C4B3.7EAB3E3D  EBFDB411.614E687A  31471EA6.1CDCA20C  CD8D6F71.0832BC64 
     994CB8F7.153FE9B8  6F73C65E.490738F5  04345907.D9BB891C  78E3C035.76988D92 
     5ED865BD.AAAB390E  D49FD811.A6458F16  472D7050.57728A4D  91A1FACB.4CD6D7CA 
  Input block (bytes):
     00 00 00 00  00 00 00 00  00 00 00 00  00 00 00 00
     00 00 00 00  00 00 00 00  00 00 00 00  00 00 00 00
     00 00 00 00  00 00 00 00  00 00 00 00  00 00 00 00
     00 00 00 00  00 00 00 00  00 00 00 00  00 00 00 00
     00 00 00 00  00 00 00 00  00 00 00 00  00 00 00 00
     00 00 00 00  00 00 00 00  00 00 00 00  00 00 00 00
     00 00 00 00  00 00 00 00  00 00 00 00  00 00 00 00
     00 00 00 00  00 00 00 00  00 00 00 00  00 00 00 00

:Skein-1024: [state after plaintext feedforward]=
     8864813D.1B25C14A  44F11833.D97181C7  33DD7F29.152696C6  90411C79.8028C27A 
     80F38FFC.A5F7F599  8CCD2773.0281395C  EE5A2BFE.A6393F63  99906CA3.763915E5 
     E5079C4E.87AE00F6  3591EDD8.B860157E  715F7B02.C2273E26  0BE16726.C32DA620 
     A4A15B0B.23FDE610  57BB2B18.F5924EE0  9A434A68.C20B8000  86DEE3EC.25F9E078 
    ----------

:Skein-1024: Final output=
     4A C1 25 1B  3D 81 64 88  C7 81 71 D9  33 18 F1 44
     C6 96 26 15  29 7F DD 33  7A C2 28 80  79 1C 41 90
     99 F5 F7 A5  FC 8F F3 80  5C 39 81 02  73 27 CD 8C
     63 3F 39 A6  FE 2B 5A EE  E5 15 39 76  A3 6C 90 99
     F6 00 AE 87  4E 9C 07 E5  7E 15 60 B8  D8 ED 91 35
     26 3E 27 C2  02 7B 5F 71  20 A6 2D C3  26 67 E1 0B
     10 E6 FD 23  0B 5B A1 A4  E0 4E 92 F5  18 2B BB 57
     00 80 0B C2  68 4A 43 9A  78 E0 F9 25  EC E3 DE 86
    ++++++++++
Result:
     4A C1 25 1B  3D 81 64 88  C7 81 71 D9  33 18 F1 44
     C6 96 26 15  29 7F DD 33  7A C2 28 80  79 1C 41 90
     99 F5 F7 A5  FC 8F F3 80  5C 39 81 02  73 27 CD 8C
     63 3F 39 A6  FE 2B 5A EE  E5 15 39 76  A3 6C 90 99
     F6 00 AE 87  4E 9C 07 E5  7E 15 60 B8  D8 ED 91 35
     26 3E 27 C2  02 7B 5F 71  20 A6 2D C3  26 67 E1 0B
     10 E6 FD 23  0B 5B A1 A4  E0 4E 92 F5  18 2B BB 57
     00 80 0B C2  68 4A 43 9A  78 E0 F9 25  EC E3 DE 86
