:Skein-1024:  160-bit hash, msgLen =  1024 bits, data = 'zero'

Message data:
     00 00 00 00  00 00 00 00  00 00 00 00  00 00 00 00
     00 00 00 00  00 00 00 00  00 00 00 00  00 00 00 00
     00 00 00 00  00 00 00 00  00 00 00 00  00 00 00 00
     00 00 00 00  00 00 00 00  00 00 00 00  00 00 00 00
     00 00 00 00  00 00 00 00  00 00 00 00  00 00 00 00
     00 00 00 00  00 00 00 00  00 00 00 00  00 00 00 00
     00 00 00 00  00 00 00 00  00 00 00 00  00 00 00 00
     00 00 00 00  00 00 00 00  00 00 00 00  00 00 00 00

:Skein-1024: Block: outBits= 160. T0=000080. Type=MSG.  Flags= First Final    
  Tweak:
     00000000.00000080  F0000000.00000000 
  State words:
     0D949A0B.B5959407  4DD9E39C.5AA2FB24  A0D09F42.21A8FEBA  6910175D.7582801F 
     9CDFD044.C638F60D  ACA3246E.36C5629E  84627CA6.725D2936  0C9089CF.46C2D5A6 
     A62F0157.E6321278  FB21756A.D72A7426  28C5EA3C.AB9AE857  F15ACF66.0622115C 
     45F0A27C.43F87623  2899B017.C9291BBE  6857A0C2.FDE69AF7  70BC3912.79C358E2 
  Input block (bytes):
     00 00 00 00  00 00 00 00  00 00 00 00  00 00 00 00
     00 00 00 00  00 00 00 00  00 00 00 00  00 00 00 00
     00 00 00 00  00 00 00 00  00 00 00 00  00 00 00 00
     00 00 00 00  00 00 00 00  00 00 00 00  00 00 00 00
     00 00 00 00  00 00 00 00  00 00 00 00  00 00 00 00
     00 00 00 00  00 00 00 00  00 00 00 00  00 00 00 00
     00 00 00 00  00 00 00 00  00 00 00 00  00 00 00 00
     00 00 00 00  00 00 00 00  00 00 00 00  00 00 00 00

:Skein-1024: [state after plaintext feedforward]=
     FFF21DF9.92E80ADE  E076CA6D.1F78617A  C9C0C7DD.BA6935F8  02F72275.9A74D33B 
     5A55A08A.9AB31439  FB7E9CB6.C42E5350  6028FB9B.CF3E004B  F1995CD9.7EC5A3BE 
     C115AE53.EFEECF7F  330FAAF7.7B46FEE4  1BD473F4.C052A52B  FCE15189.DC345F3B 
     4EC56E15.74D39411  74F59E2B.D6DA1F35  9FB2E8AE.DC684D39  027C20B4.A5857FBB 
    ----------

:Skein-1024: Block: outBits= 160. T0=000008. Type=OUT.  Flags= First Final    
  Tweak:
     00000000.00000008  FF000000.00000000 
  State words:
     FFF21DF9.92E80ADE  E076CA6D.1F78617A  C9C0C7DD.BA6935F8  02F72275.9A74D33B 
     5A55A08A.9AB31439  FB7E9CB6.C42E5350  6028FB9B.CF3E004B  F1995CD9.7EC5A3BE 
     C115AE53.EFEECF7F  330FAAF7.7B46FEE4  1BD473F4.C052A52B  FCE15189.DC345F3B 
     4EC56E15.74D39411  74F59E2B.D6DA1F35  9FB2E8AE.DC684D39  027C20B4.A5857FBB 
  Input block (bytes):
     00 00 00 00  00 00 00 00  00 00 00 00  00 00 00 00
     00 00 00 00  00 00 00 00  00 00 00 00  00 00 00 00
     00 00 00 00  00 00 00 00  00 00 00 00  00 00 00 00
     00 00 00 00  00 00 00 00  00 00 00 00  00 00 00 00
     00 00 00 00  00 00 00 00  00 00 00 00  00 00 00 00
     00 00 00 00  00 00 00 00  00 00 00 00  00 00 00 00
     00 00 00 00  00 00 00 00  00 00 00 00  00 00 00 00
     00 00 00 00  00 00 00 00  00 00 00 00  00 00 00 00

:Skein-1024: [state after plaintext feedforward]=
     4E40BED2.8C3C947C  A39904B5.FDA0C387  EFF7FFB1.847A4495  E99FF122.CF04E888 
     A1D5DAE6.D2935DDA  D6C8E6E6.5B23B402  49EFBC0A.74742937  9C66BA0A.94CE4133 
     1AC65CD2.49807CDE  E1348DDD.B9BBE47C  C3D2CE51.FF01E362  53272B2D.CFA21EAC 
     222562D7.22E87F1C  C8C9A62F.727F2837  DCE0CD47.D7793297  BE64E618.F6B400C3 
    ----------

:Skein-1024: Final output=
     7C 94 3C 8C  D2 BE 40 4E  87 C3 A0 FD  B5 04 99 A3
     95 44 7A 84
    ++++++++++
Result:
     7C 94 3C 8C  D2 BE 40 4E  87 C3 A0 FD  B5 04 99 A3
     95 44 7A 84
