:Skein-1024:  264-bit hash, msgLen =  1024 bits, data = 'zero'

Message data:
     00 00 00 00  00 00 00 00  00 00 00 00  00 00 00 00
     00 00 00 00  00 00 00 00  00 00 00 00  00 00 00 00
     00 00 00 00  00 00 00 00  00 00 00 00  00 00 00 00
     00 00 00 00  00 00 00 00  00 00 00 00  00 00 00 00
     00 00 00 00  00 00 00 00  00 00 00 00  00 00 00 00
     00 00 00 00  00 00 00 00  00 00 00 00  00 00 00 00
     00 00 00 00  00 00 00 00  00 00 00 00  00 00 00 00
     00 00 00 00  00 00 00 00  00 00 00 00  00 00 00 00

:Skein-1024: Block: outBits= 264. T0=000080. Type=MSG.  Flags= First Final    
  Tweak:
     00000000.00000080  F0000000.00000000 
  State words:
     4795AD8F.AE4A5E0A  A3F4B4BD.6E1D6A69  9A89EE0E.FE870B88  D910F631.26F555EC 
     DE8D0D63.2730B506  2056154D.084CD1AB  ABF92758.C31F476A  9E25BA53.DB84DBEB 
     04024527.D523D021  405F659D.C5C23F70  4D176A77.D36E674C  31FD28EF.FA3764B5 
     9955A5C7.B587DEE0  709252AD.393D31C8  DE0F6AFA.B1F6DC30  D46E44ED.56724D61 
  Input block (bytes):
     00 00 00 00  00 00 00 00  00 00 00 00  00 00 00 00
     00 00 00 00  00 00 00 00  00 00 00 00  00 00 00 00
     00 00 00 00  00 00 00 00  00 00 00 00  00 00 00 00
     00 00 00 00  00 00 00 00  00 00 00 00  00 00 00 00
     00 00 00 00  00 00 00 00  00 00 00 00  00 00 00 00
     00 00 00 00  00 00 00 00  00 00 00 00  00 00 00 00
     00 00 00 00  00 00 00 00  00 00 00 00  00 00 00 00
     00 00 00 00  00 00 00 00  00 00 00 00  00 00 00 00

:Skein-1024: [state after plaintext feedforward]=
     FD4BAE9F.DD0A05C4  3DC25A93.9371B51B  5886EC9C.C4A98C12  CCD5DA37.1E816B33 
     1FE33D13.2C153892  A8455E4A.A93BF360  330552C2.D77CD74C  A57765A6.B6E69883 
     997F9E34.465D382B  D3E815A7.F3613687  93B35721.9F400DA4  2DD521D6.E4EC0E4F 
     95C3EC74.E30B6DB3  6DAC2D69.AC718CDE  FC2C1EED.BF3F0AAE  243E81D6.EF3A9FFB 
    ----------

:Skein-1024: Block: outBits= 264. T0=000008. Type=OUT.  Flags= First Final    
  Tweak:
     00000000.00000008  FF000000.00000000 
  State words:
     FD4BAE9F.DD0A05C4  3DC25A93.9371B51B  5886EC9C.C4A98C12  CCD5DA37.1E816B33 
     1FE33D13.2C153892  A8455E4A.A93BF360  330552C2.D77CD74C  A57765A6.B6E69883 
     997F9E34.465D382B  D3E815A7.F3613687  93B35721.9F400DA4  2DD521D6.E4EC0E4F 
     95C3EC74.E30B6DB3  6DAC2D69.AC718CDE  FC2C1EED.BF3F0AAE  243E81D6.EF3A9FFB 
  Input block (bytes):
     00 00 00 00  00 00 00 00  00 00 00 00  00 00 00 00
     00 00 00 00  00 00 00 00  00 00 00 00  00 00 00 00
     00 00 00 00  00 00 00 00  00 00 00 00  00 00 00 00
     00 00 00 00  00 00 00 00  00 00 00 00  00 00 00 00
     00 00 00 00  00 00 00 00  00 00 00 00  00 00 00 00
     00 00 00 00  00 00 00 00  00 00 00 00  00 00 00 00
     00 00 00 00  00 00 00 00  00 00 00 00  00 00 00 00
     00 00 00 00  00 00 00 00  00 00 00 00  00 00 00 00

:Skein-1024: [state after plaintext feedforward]=
     A1A860CD.4CA210EB  58E34A09.AC721B12  52346457.7F009434  404ECBFF.9BAE3EC6 
     444CBA70.28F6F341  0FBEE80E.66462AD7  95C58707.4E4808CE  1396FFF4.320C4CC2 
     CDD30042.3321DE37  A6E5B37A.00F03084  81D35BDC.6CCAD939  025A9947.06603E91 
     FCEC736A.3EF9FEBF  34EB4601.EE02A108  0E223B8D.C8D3B8C2  266A10CC.E1CD87F7 
    ----------

:Skein-1024: Final output=
     EB 10 A2 4C  CD 60 A8 A1  12 1B 72 AC  09 4A E3 58
     34 94 00 7F  57 64 34 52  C6 3E AE 9B  FF CB 4E 40
     41
    ++++++++++
Result:
     EB 10 A2 4C  CD 60 A8 A1  12 1B 72 AC  09 4A E3 58
     34 94 00 7F  57 64 34 52  C6 3E AE 9B  FF CB 4E 40
     41
