:Skein-1024:  256-bit hash, msgLen =  1024 bits, data = 'zero'

Message data:
     00 00 00 00  00 00 00 00  00 00 00 00  00 00 00 00
     00 00 00 00  00 00 00 00  00 00 00 00  00 00 00 00
     00 00 00 00  00 00 00 00  00 00 00 00  00 00 00 00
     00 00 00 00  00 00 00 00  00 00 00 00  00 00 00 00
     00 00 00 00  00 00 00 00  00 00 00 00  00 00 00 00
     00 00 00 00  00 00 00 00  00 00 00 00  00 00 00 00
     00 00 00 00  00 00 00 00  00 00 00 00  00 00 00 00
     00 00 00 00  00 00 00 00  00 00 00 00  00 00 00 00

:Skein-1024: Block: outBits= 256. T0=000080. Type=MSG.  Flags= First Final    
  Tweak:
     00000000.00000080  F0000000.00000000 
  State words:
     C34E298E.25163A31  42EDCD85.DE005624  46749772.87B7EF4F  87BBDA95.FE4D6093 
     0C095E03.006177E0  FE08C456.A974A0C9  F69D9928.70F8B94B  39FDE393.37D5A96B 
     BB7E755E.D6AF84E0  1B11521A.C224584F  81D24A0D.C41F4773  35C49CCD.C82EB77A 
     FC0192D9.F180D6E8  0DE61DBF.C2C37FE3  77C47FA8.9F60E8F2  7C2D2F4D.B209702B 
  Input block (bytes):
     00 00 00 00  00 00 00 00  00 00 00 00  00 00 00 00
     00 00 00 00  00 00 00 00  00 00 00 00  00 00 00 00
     00 00 00 00  00 00 00 00  00 00 00 00  00 00 00 00
     00 00 00 00  00 00 00 00  00 00 00 00  00 00 00 00
     00 00 00 00  00 00 00 00  00 00 00 00  00 00 00 00
     00 00 00 00  00 00 00 00  00 00 00 00  00 00 00 00
     00 00 00 00  00 00 00 00  00 00 00 00  00 00 00 00
     00 00 00 00  00 00 00 00  00 00 00 00  00 00 00 00

:Skein-1024: [state after plaintext feedforward]=
     1B7F35EC.D45E0156  23ED8AA8.8D4C0783  B8281373.8C7B6EB8  613B71AB.D18F7D05 
     9D6215EE.152CF78F  23473CBA.36C9389A  456EF051.093F504D  633A0079.7FB6C0B7 
     647A65E8.21BD545A  4FDDBD9E.61A3138D  6FDF27E6.9F34E07D  7E4A81DC.C9C018D8 
     E9689186.4A04A338  82541D7C.34AE1384  B0FE96AC.1ED68A76  B8001615.1AF437CA 
    ----------

:Skein-1024: Block: outBits= 256. T0=000008. Type=OUT.  Flags= First Final    
  Tweak:
     00000000.00000008  FF000000.00000000 
  State words:
     1B7F35EC.D45E0156  23ED8AA8.8D4C0783  B8281373.8C7B6EB8  613B71AB.D18F7D05 
     9D6215EE.152CF78F  23473CBA.36C9389A  456EF051.093F504D  633A0079.7FB6C0B7 
     647A65E8.21BD545A  4FDDBD9E.61A3138D  6FDF27E6.9F34E07D  7E4A81DC.C9C018D8 
     E9689186.4A04A338  82541D7C.34AE1384  B0FE96AC.1ED68A76  B8001615.1AF437CA 
  Input block (bytes):
     00 00 00 00  00 00 00 00  00 00 00 00  00 00 00 00
     00 00 00 00  00 00 00 00  00 00 00 00  00 00 00 00
     00 00 00 00  00 00 00 00  00 00 00 00  00 00 00 00
     00 00 00 00  00 00 00 00  00 00 00 00  00 00 00 00
     00 00 00 00  00 00 00 00  00 00 00 00  00 00 00 00
     00 00 00 00  00 00 00 00  00 00 00 00  00 00 00 00
     00 00 00 00  00 00 00 00  00 00 00 00  00 00 00 00
     00 00 00 00  00 00 00 00  00 00 00 00  00 00 00 00

:Skein-1024: [state after plaintext feedforward]=
     4E45AF04.E569EB35  698D4173.A4F14A83  75956875.DD3826B7  E9F43948.156AAB39 
     37044199.7858EEDD  97A8BF1B.B305E781  B76FFFE0.8888E31A  09521165.9AD47C4B 
     FC2E3A84.863C357D  10D97F44.1AD05249  E1D780EB.7B43C176  A2FB439E.BF24ABD0 
     614A1031.E6AD4B2C  A09E1544.72C672C7  70347C37.4B39836C  7662FF94.027C79AA 
    ----------

:Skein-1024: Final output=
     35 EB 69 E5  04 AF 45 4E  83 4A F1 A4  73 41 8D 69
     B7 26 38 DD  75 68 95 75  39 AB 6A 15  48 39 F4 E9
    ++++++++++
Result:
     35 EB 69 E5  04 AF 45 4E  83 4A F1 A4  73 41 8D 69
     B7 26 38 DD  75 68 95 75  39 AB 6A 15  48 39 F4 E9
