:Skein-1024:  224-bit hash, msgLen =  1024 bits, data = 'zero'

Message data:
     00 00 00 00  00 00 00 00  00 00 00 00  00 00 00 00
     00 00 00 00  00 00 00 00  00 00 00 00  00 00 00 00
     00 00 00 00  00 00 00 00  00 00 00 00  00 00 00 00
     00 00 00 00  00 00 00 00  00 00 00 00  00 00 00 00
     00 00 00 00  00 00 00 00  00 00 00 00  00 00 00 00
     00 00 00 00  00 00 00 00  00 00 00 00  00 00 00 00
     00 00 00 00  00 00 00 00  00 00 00 00  00 00 00 00
     00 00 00 00  00 00 00 00  00 00 00 00  00 00 00 00

:Skein-1024: Block: outBits= 224. T0=000080. Type=MSG.  Flags= First Final    
  Tweak:
     00000000.00000080  F0000000.00000000 
  State words:
     26E3D6D6.9BA0E920  5B96311E.251D79D4  D47484E0.2612B06C  4E03CF23.F1BD3B94 
     9FA46F26.7B0F4ECE  10BDA69E.65D2EF4F  68986EF8.8147D444  7E49ED5F.639F689F 
     07777F13.478EC001  C2A5BD15.030581EF  3306E093.6F47EE07  7764B537.3F4B9E8A 
     915ED941.69FB32D7  865A20FC.B80CD212  0EC479CD.676E061F  6C204BC2.D6FEB061 
  Input block (bytes):
     00 00 00 00  00 00 00 00  00 00 00 00  00 00 00 00
     00 00 00 00  00 00 00 00  00 00 00 00  00 00 00 00
     00 00 00 00  00 00 00 00  00 00 00 00  00 00 00 00
     00 00 00 00  00 00 00 00  00 00 00 00  00 00 00 00
     00 00 00 00  00 00 00 00  00 00 00 00  00 00 00 00
     00 00 00 00  00 00 00 00  00 00 00 00  00 00 00 00
     00 00 00 00  00 00 00 00  00 00 00 00  00 00 00 00
     00 00 00 00  00 00 00 00  00 00 00 00  00 00 00 00

:Skein-1024: [state after plaintext feedforward]=
     19741EDF.693E5C2D  8D0AB1DF.8B581607  D8178C12.A8B50D3D  53EC149D.E96D77BD 
     DA03BBAB.E37194A0  5E131A13.4DE2FAEB  B747E050.F4DA0215  C892F9AB.AC677B88 
     3B583940.3F016712  ED9FAB23.5A97926C  7670A4D8.119CB1E7  8A8F1C61.7937A6A2 
     7EC3D842.649A6FE9  16729628.234FCFB4  5EEC03B5.D461E6B5  4A4AA896.0089CA51 
    ----------

:Skein-1024: Block: outBits= 224. T0=000008. Type=OUT.  Flags= First Final    
  Tweak:
     00000000.00000008  FF000000.00000000 
  State words:
     19741EDF.693E5C2D  8D0AB1DF.8B581607  D8178C12.A8B50D3D  53EC149D.E96D77BD 
     DA03BBAB.E37194A0  5E131A13.4DE2FAEB  B747E050.F4DA0215  C892F9AB.AC677B88 
     3B583940.3F016712  ED9FAB23.5A97926C  7670A4D8.119CB1E7  8A8F1C61.7937A6A2 
     7EC3D842.649A6FE9  16729628.234FCFB4  5EEC03B5.D461E6B5  4A4AA896.0089CA51 
  Input block (bytes):
     00 00 00 00  00 00 00 00  00 00 00 00  00 00 00 00
     00 00 00 00  00 00 00 00  00 00 00 00  00 00 00 00
     00 00 00 00  00 00 00 00  00 00 00 00  00 00 00 00
     00 00 00 00  00 00 00 00  00 00 00 00  00 00 00 00
     00 00 00 00  00 00 00 00  00 00 00 00  00 00 00 00
     00 00 00 00  00 00 00 00  00 00 00 00  00 00 00 00
     00 00 00 00  00 00 00 00  00 00 00 00  00 00 00 00
     00 00 00 00  00 00 00 00  00 00 00 00  00 00 00 00

:Skein-1024: [state after plaintext feedforward]=
     C709F23E.9435BFA7  70692652.DA66C001  E57DC208.8FA544D2  1BD866FC.3441E74B 
     B1CC9CD9.1E4F8B42  F6C258B6.E8B01F5C  48FC5458.E2D60D84  223CE464.C249362A 
     3DBED788.0674A0EA  587E0CD3.D51478E1  B7B670A8.EA78FBD1  10D914AF.1B40BDDC 
     C3B4B36B.47DB7242  1F9F7C66.08B6712A  17F5AE07.0E10AB06  BAE340EA.B26CDD42 
    ----------

:Skein-1024: Final output=
     A7 BF 35 94  3E F2 09 C7  01 C0 66 DA  52 26 69 70
     D2 44 A5 8F  08 C2 7D E5  4B E7 41 34
    ++++++++++
Result:
     A7 BF 35 94  3E F2 09 C7  01 C0 66 DA  52 26 69 70
     D2 44 A5 8F  08 C2 7D E5  4B E7 41 34
